01111111111111111111111111111111
10001100000000000000000000000000
00100000000000011111111111111111
00100000000010010000000000000000
00100000001010000000000000000000
00100000100000100000000000000000
00010001000001000000000000001001
00010000001001000000000000000011
00000000010000100100100000100000
00100000001000011111111111111111
00001000000000000000000000000111
00100000010010010000000000000000
00100001000010001111111111111111
00100001000000010000000000000000
00100000100000100000000000000000
00001000000000000000000000000110
10101111111010010000000000000001
11111111111111111111111111111111